6484
1991
12794
9912
15441
14901
16935
13919
12135
3004
4958
2551
16229
10894
18228
204
9734
19483
13579
9648
10353
8647
9233
16846
1645
16024
17238
6035
15293
18449
5366
16324
931
4626
7427
15339
9280
14242
17161
6518
13263
18070
14484
15738
1426
9334
13629
398
18780
13119
11059
15889
6371
6949
3147
14137
13495
15587
4806
5161
7184
9575
19375
16259
15908
4499
10683
10755
13460
18369
2776
1312
1540
17007
16621
10852
11561
6662
18164
2417
3253
6130
2391
9728
4795
1660
11403
13448
7125
12336
16752
5850
17078
1353
5354
5615
2591
13934
11450
13696
8963
15814
7309
8742
6883
16065
81
18996
2218
7168
9685
14149
16414
16742
3270
404
206
17659
14502
14401
19086
3834
12798
14267
1082
13836
16313
16898
11054
3257
822
9038
1821
15463
11814
6135
503
12268
5395
12033
5470
3275
15672
17382
17150
18896
12016
2010
15500
5870
5729
18470
12186
11422
16810
14215
2666
12868
9906
7238
6222
6036
10967
12173
15994
16982
14570
8697
14096
4799
3089
17501
16005
1953
15031
2171
19530
13838
8538
713
14709
5658
17512
12841
12844
12450
11167
4226
4491
3366
16398
14542
8594
4722
6873
9857
4717
13544
14766
8936
15135
12505
15284
16257
11970
16327
1335
12241
18462
14732
13060
413
18272
16400
19424
11504
10027
2401
15294
10996
11722
12955
9987
491
6886
17424
7480
19114
16449
7880
18145
1055
15706
2993
17270
8231
8151
368
1947
836
643
13819
16851
448
18484
11573
15280
10814
11312
7742
5717
17820
17920
3280
609
4976
16385
7658
13416
14626
12616
2626
602
17922
8105
17887
14850
6993
14831
10053
16464
9942
17572
15107
4474
14547
13581
10005
8434
18735
6275
7290
12001
10876
13272
2521
18858
1933
2133
13632
8911
3331
7621
12044
3528
5926
19258
14120
9374
1654
946
4020
9519
16429
5656
1928
13760
15643
2358
11765
253
17047
18490
9319
6622
13485
2965
7105
3996
188
8763
5758
6397
16120
6757
10801
15972
1548
12503
12824
6631
618
9408
11485
10677
3441
698
12904
4183
18726
16891
4040
563
4210
77
11389
4066
14435
6373
4128
2134
13761
2573
16331
1424
11856
3804
816
18459
17229
1507
6167
4060
10706
6282
10634
7991
9655
5122
4215
9709
8620
11327
1504
5714
8276
15099
15673
18738
14837
8839
16603
65
5520
5309
10098
7846
17711
1394
17931
2377
8390
13915
5548
9954
16975
5952
3999
13014
7765
14745
18500
18397
17302
13254
18358
9815
13644
2428
12680
1389
8057
16699
13647
4115
4771
18454
1375
9703
16116
7916
8717
11214
2722
17083
12918
1771
14041
10010
529
18997
12289
15894
16792
3533
17472
12159
11503
19437
16019
9199
7890
13007
2210
10165
15401
1813
11202
10209
5774
10591
4388
126
937
13463
14404
18385
9654
11978
16378
3290
16753
6242
5781
11299
2631
18682
12618
14225
17129
12011
169
13456
18918
8463
14924
4485
12350
12511
14144
16546
7989
14500
1169
5524
6014
16029
11417
229
847
5852
19455
2611
16559
13676
5311
2346
18719
3708
9805
440
16616
1296
17376
16931
3120
701
5123
6066
13499
19441
199
9159
18759
11350
10399
7313
6398
10026
17239
733
12168
4656
4575
3389
5478
18065
12301
13517
13345
16838
2857
9716
622
5992
17520
1239
3250
17375
10276
10757
18571
5590
18752
18921
10363
7567
18679
12004
7850
12190
5844
4658
6299
11103
5487
5272
18670
19415
17976
2826
19411
16581
10434
6006
9574
5721
15047
8611
11252
551
10088
10502
18246
11372
11297
15181
9351
9445
2756
4102
10790
976
15790
5081
10417
19113
11576
11274
17875
9169
11505
5486
12167
12039
1562
6480
4282
5327
8156
2275
10952
8317
13331
3075
13903
14899
10574
4268
5145
14173
1618
12172
2157
3853
16516
9453
16929
1069
14140
18895
434
10694
15679
5807
10289
15438
5112
35
15207
14700
13531
6405
13996
4667
19231
875
2207
12988
16037
11222
897
4519
3090
2664
15655
15849
4021
18285
12660
13977
13745
15683
8452
16001
9321
13724
1837
19620
1755
14325
11188
5947
17950
16802
16379
3595
16250
19112
9339
15758
1221
9068
11444
4990
5568
14635
18026
11073
16251
1432
6003
10614
19617
9396
16362
2873
14560
292
468
10549
9444
19630
9030
9524
19432
1859
16218
6690
3948
13655
12769
173
4211
9397
4502
10355
12040
13185
254
17111
18887
11975
19656
14519
6099
2325
11427
597
9717
16747
5702
18433
17435
1699
1867
10533
774
235
10905
15822
16729
12248
5578
17253
17013
12076
18250
18423
9035
14282
16089
18169
17796
6962
14412
13477
19608
19499
6197
12037
8513
13190
298
6771
12344
9696
15241
8202
17552
14544
4728
19069
11700
18038
11136
2998
358
19714
2830
3516
18577
13015
18376
15141
4047
6950
9294
14534
1897
926
19433
19037
16938
10535
9272
1074
15696
4272
9981
14026
6033
2481
17294
1683
19619
18413
14151
1877
14159
8472
4175
5652
17968
15248
10593
4545
14135
2277
2484
310
7816
13462
19074
17697
6911
13266
14881
5477
16286
16635
5135
19558
18948
17673
7561
5984
2137
5912
19176
19556
12567
15078
17977
6424
630
2594
4033
10539
4736
14897
14158
3785
9865
4711
15914
13063
7338
9118
16040
15226
9476
2384
3700
14345
19598
14975
1080
2219
9798
8037
17037
15091
7815
19057
3307
14073
19545
16347
381
16403
15448
6160
19217
15317
7690
4160
4925
357
8783
13538
18086
1970
18803
16582
2341
4675
10615
14887
18346
7632
17347
14536
11705
4293
18479
8759
12404
9003
9095
5221
2455
1936
16607
8013
3953
11671
11457
10414
14048
12066
9883
5879
10491
1600
15335
3320
3005
720
12337
7782
2400
14033
7984
9896
9585
18140
4083
4529
11107
6693
6536
8901
9209
18654
18231
18176
3248
18826
18051
10045
160
18371
5631
2001
15938
2392
14935
6935
7562
7388
14862
14878
14468
1245
2139
9956
430
12831
16119
11793
8310
17164
8137
1678
14383
19150
17123
16215
2326
18396
13206
3254
4639
9781
3420
737
18573
1173
11455
4716
4754
878
8236
4737
10723
5158
12927
15053
16867
19685
9993
7722
5768
18890
13721
14665
9147
232
13151
6735
4637
2923
1300
6795
19306
1385
13023
15190
10206
9977
3062
383
12030
9928
2466
6117
3352
11385
10440
14180
13356
12123
677
1309
13169
17857
9236
14024
1526
5163
3917
1898
13446
15184
7419
14696
2592
16174
9882
6524
7981
12164
1509
19652
4420
11644
4253
6083
14303
12651
4894
17818
8927
18036
12324
4004
14832
11185
11071
16710
5743
12111
10531
14649
19418
3074
16382
11419
5060
2185
572
10047
17336
14586
16498
9456
6748
13209
4594
9305
18549
17165
1242
821
15048
6607
17163
11962
135
8768
17141
18562
3512
12139
16155
2200
19413
13717
432
1373
4614
11169
9311
8975
1236
10133
10911
6363
16870
15252
16431
1890
11647
1420
16047
13692
9658
12144
4942
12600
2988
18267
15004
5244
6134
2900
15742
240
14167
11718
18410
7858
15830
9740
17746
12609
4878
4950
3184
14543
5390
6927
11842
15011
17613
14365
12507
4327
13520
1663
14691
10867
8343
8626
10490
18008
96
6076
1778
507
13791
10718
18165
8165
4694
6346
18671
10150
9496
7675
19366
5300
17367
16267
12873
11537
2805
17306
16918
5207
15668
6915
7800
19050
6238
9872
6893
13678
10698
13690
8877
18001
8058
16510
18363
9866
19491
16861
4173
13796
19132
10441
880
8519
10543
3218
8934
15299
360
9466
15756
5223
10797
8053
14
1532
11287
9058
7770
15105
15599
6581
15119
15952
17401
9277
18961
9263
4089
10364
17943
15124
13564
12251
11636
12738
17944
12805
11934
6780
2371
9588
15827
15447
6461
16067
15408
7391
625
11830
13524
442
19269
4372
13917
13737
6211
14992
6156
14411
10234
8118
16242
12699
1929
9885
9292
15873
11915
15943
9148
3371
8272
8943
14219
11269
6849
3777
6887
4526
6030
11317
16244
5421
11226
11383
4855
5
12422
15427
5113
5885
13965
13824
5068
11999
9790
70
10803
15206
13313
8933
5998
13566
10922
16359
1006
14595
11445
826
12032
8234
7938
5293
13763
19634
4049
8648
11938
13831
17178
3452
224
10180
7252
280
6640
13951
5756
3256
44
589
3750
4087
5065
16167
8693
14814
7842
7286
18389
16420
2680
2267
8295
2351
10194
3836
9080
19196
16090
14885
2511
18436
3071
7676
854
10406
6507
15967
4383
7926
3044
18863
18259
7336
19548
19494
16426
6712
15028
288
668
17953
14714
8500
6628
3284
396
11821
7954
10327
4170
5918
4145
6872
9212
1367
3241
13746
9022
12460
14661
3514
3653
11249
9224
15554
17872
18035
4823
7958
15656
7418
18681
3833
9375
6749
2669
12993
18560
11931
10892
1516
19542
6618
9326
17708
7798
5416
295
7823
11428
6385
19301
17071
18583
19015
16288
4913
18772
4349
15476
16882
7986
218
12322
18883
8127
2929
6042
2031
2290
257
16826
11084
16901
3763
2081
10764
3584
13380
12787
6467
3185
10826
9382
5376
12715
3580
19704
14085
4301
16594
11132
1633
1679
14813
4604
5273
9004
16722
10687
18043
3404
2818
16369
5869
17785
15382
2844
13367
7851
5934
3936
8555
16085
13613
9715
2490
18899
15407
18198
13795
5586
14075
4566
4506
13988
4704
11536
15452
7048
2256
7187
14898
18491
17992
11878
629
8983
3642
9521
11780
15611
10318
9007
18274
14748
14266
7292
3334
13281
7580
13513
18022
7334
7659
9423
17854
1601
10333
866
13341
13003
8490
2658
19340
18575
7214
15281
9439
15191
2427
18240
18942
12143
18769
14292
3177
13189
7039
9690
4957
16801
11263
17467
2276
1896
2238
13153
14667
13307
17231
19451
16679
7972
13106
19119
18469
4600
9584
15391
15183
15036
8539
19440
15708
13131
10932
12283
10279
15946
3656
5157
17016
13051
3641
3136
9138
3955
7298
16889
13154
18545
268
2311
15336
15963
7855
7420
18007
5441
18689
6718
13854
4963
5027
8253
11919
15419
15617
9031
8316
5495
18570
15331
2815
17570
9356
3594
19560
15157
15784
18811
13525
1246
1606
13344
2739
9417
8735
8448
13315
118
4511
10075
6093
18284
14604
14161
10585
19522
4046
15497
12232
5206
512
7824
1216
9225
562
17097
17458
14829
8433
3674
17685
6658
7719
18190
5412
12735
4479
51
7004
7593
6733
8277
2390
9507
8745
6652
14372
6406
1315
18360
17855
7498
7375
10656
5388
1229
174
7737
1391
17678
16366
17967
15677
6243
3190
9927
15146
16270
8702
10488
9103
18954
6940
12697
5827
17511
3454
7259
14549
7706
11088
19121
16160
4573
8315
15219
14865
6760
4561
10908
2161
13528
13950
9114
4105
5464
8566
17923
9707
3787
13506
2337
18669
16278
3412
12921
467
4751
17313
11659
5054
892
13874
17060
16896
16839
6568
4701
12729
3531
3029
17492
13852
7025
12260
5634
2528
8403
7934
10382
12358
4497
18613
1065
2660
13714
4270
10602
13098
17551
6980
18606
11532
10798
7896
2402
2202
17269
6999
12264
7786
16773
3384
7715
124
15543
12384
18205
18533
7207
10851
2586
12725
13245
12161
19534
18602
17832
13354
6778
116
11510
4922
9390
16483
3077
5877
4715
13130
8400
8989
18834
13993
5434
8520
2135
16597
11502
8761
15871
17196
14331
18821
13749
1554
9145
2423
15878
10916
12156
14757
5905
13652
17001
10796
19657
1574
5009
12253
14480
12326
11870
11344
6599
7164
7199
7746
18520
17209
8136
5234
14879
4139
7868
6611
5011
4023
1217
8791
8383
6961
8451
422
19517
14999
2446
3081
10472
9930
16481
1422
18255
2268
17567
2787
19709
3162
14111
16652
18598
11689
14385
10569
10673
12527
10393
5036
758
16044
5644
4927
10003
12112
2729
4308
13840
5707
5257
7571
10313
8339
19428
16758
18492
10582
13510
13609
3781
5233
2225
19474
18435
13459
7051
11075
6808
9468
6277
5890
3974
16186
925
14539
1533
18984
110
9549
8335
8061
1378
3718
10808
2842
14571
4842
10794
15495
5440
14478
17000
18649
4698
9042
11950
13386
11693
6051
3914
11465
6091
14229
4464
8102
11285
258
8868
2672
3268
10729
8935
5529
17070
3426
12217
9360
11035
14454
3842
8217
12543
17461
7980
4647
3124
12195
3997
15567
16518
9632
19503
11292
810
17965
9091
16789
9357
18174
17334
3419
4450
9037
7317
228
10243
4901
19333
17624
8287
16381
3467
1524
10360
15782
3947
8015
3370
18458
10458
10596
7940
7171
19660
11441
11558
11471
18522
10225
4057
5682
9501
6378
9343
11093
5923
11694
5849
7261
1030
10466
11213
12670
16236
11953
11482
6665
14949
9900
12478
10821
18697
6772
13568
5200
3194
5519
8435
7475
19046
15412
13321
14513
13924
1267
8534
3602
995
10346
10453
1412
6366
4077
13891
15316
2783
9504
18426
2211
7535
3601
11846
11399
3363
14823
1122
11958
3555
3727
13850
909
1038
16820
17452
16487
11935
3100
10749
7291
16027
17614
1222
10598
11065
10830
6972
6939
5085
12753
3593
15883
14708
13392
8547
2940
5991
4862
13686
8960
14682
9160
16433
15838
1638
10004
5540
12640
526
18304
7043
3683
3286
13107
14797
13100
9502
4319
19136
5405
11543
8724
10958
9802
14853
13816
15118
11038
5987
13085
14023
11582
6603
19183
3298
11787
5561
2073
15719
19393
5916
12677
518
10112
9505
10893
4071
3211
3560
14676
5077
4277
18629
9974
1811
6729
2668
11925
6423
19403
2110
14699
5248
15811
8525
18576
12633
10855
10142
18526
16227
13540
11553
18113
14678
11083
17792
3274
9349
15704
7060
5006
15861
18734
10038
6108
19429
94
2753
1794
18627
17742
6488
3826
17394
7508
17980
8059
16281
19388
17998
14162
10359
3391
1948
15576
10541
17285
7468
13089
16189
14347
13450
15851
10510
12893
3003
15609
13285
19452
814
7415
14769
15579
155
16147
7736
3082
2564
17913
7247
3679
6163
771
16812
8092
15797
9858
12226
6691
5603
1572
5763
13767
2248
12212
7863
14206
11094
4409
19502
7490
8840
8581
14296
2041
18663
18518
9733
3629
8367
11012
3381
341
11992
1381
4291
4866
17142
9053
16689
11113
5619
15613
15971
4541
5681
6495
5393
17125
7831
13608
3189
5943
3261
2597
17234
13237
13225
11218
6818
2892
1292
17568
14422
18869
11977
7499
11607
10928
2302
4689
11667
1404
5713
11635
14115
12296
18292
13643
7747
13573
2565
233
7959
10620
14883
4237
12703
10605
649
15033
3686
16828
12000
3113
12254
459
10589
9760
5446
3799
6966
17985
11850
6289
12355
6917
4333
12865
18959
3346
11164
6255
3933
13276
3415
1642
17763
17145
11633
9243
19319
10769
2979
16466
19103
3639
18674
19146
3852
13860
6074
2432
14740
11233
11749
8387
15054
14379
13868
7481
6148
3267
15349
6697
5360
19045
9968
15537
4860
10168
15213
15783
2235
10875
12224
13599
2308
770
9340
11152
12188
17146
11192
15751
6720
13081
5670
17858
5475
2348
18762
11216
5848
8107
12412
8200
279
9112
8662
1413
17558
7491
5228
1798
16924
10925
11320
14697
5346
5629
17460
19392
2632
16542
4727
9120
3678
17504
9754
14434
9623
9650
7944
18662
12549
18773
5931
8129
69
16173
905
18820
402
15741
5744
13494
7500
2665
3829
16336
5683
14276
8340
7
3367
7807
17744
19260
11116
10388
8049
8011
13332
6954
7908
4326
13716
15291
11642
6188
13295
15344
18476
15152
5777
13604
15709
1669
18618
16854
271
8119
104
9328
2252
15009
19316
19101
13362
6257
9777
7339
1624
16049
10517
1256
16971
17565
9335
12596
14684
11592
8462
15645
19711
9257
12454
15406
833
18525
4921
3521
9692
19023
10056
9407
18366
15552
14145
3797
5083
11141
1086
1787
4331
15203
13228
9772
14335
8866
473
13691
2162
6126
6878
12978
5015
3152
772
9568
18986
12218
12962
16743
4065
1357
2507
1419
11447
2457
5342
17646
17838
14768
2605
17598
11569
9109
4458
16847
18891
7622
6140
1694
5230
14004
13683
1215
17940
7489
13125
3421
6087
14362
10713
9651
9702
1396
1692
18581
17075
11629
17774
11156
12734
3769
11195
12990
6992
3623
15425
6177
18659
11397
10223
18903
14329
14931
10505
125
8642
11045
694
18981
10157
1721
5928
10121
14538
10172
15125
3755
14425
11186
13744
10860
11172
17609
17283
7654
19589
3233
15884
13829
921
12968
2032
2735
10889
4785
19290
16662
12166
14487
18625
17924
10968
18559
10204
12935
5305
15734
5250
17048
5271
3541
1240
6122
14272
19279
11127
6673
19579
9898
3188
17082
12379
16731
9887
5232
19073
5989
157
15041
13434
18936
9533
9482
6094
8337
8363
7387
9246
1155
7914
16779
718
2462
15244
18316
12313
13638
18448
5317
10176
12669
5025
1528
2131
7089
1986
195
2203
16115
16701
8069
15342
15981
11527
838
18280
17679
811
7900
15918
2828
18356
16486
501
11544
4500
10743
1597
7182
12383
18647
13811
12183
16052
15910
9566
8031
8801
5611
8844
10903
1189
15753
14868
10781
16703
11406
15606
5612
15150
2425
2443
4398
4257
17289
4082
4706
5310
5041
14828
10949
2748
18814
17008
8382
4407
6708
12666
1301
12170
16391
9643
1289
5222
18105
17514
9994
2912
14773
1781
313
6048
14021
18080
554
9782
11980
3575
14275
15880
791
13497
18159
2903
8637
12819
10514
19681
5193
18945
18020
2726
15649
17421
4536
6380
9369
4482
16053
7494
17374
7170
18990
10093
2906
7037
18693
16158
19164
1610
16869
2330
289
17021
18910
13056
18121
18960
14246
2588
2247
3610
18217
18069
13901
14647
14358
5511
8108
1521
15364
4503
10351
8219
9729
7970
14820
16332
9000
321
18564
11812
19470
6841
12136
18498
8322
977
9784
3832
18684
9283
8621
8023
18151
14957
12318
9988
2067
12464
7151
953
18451
14851
3909
17441
13164
17671
5853
17612
11371
12211
1780
18548
3891
19533
7930
11174
1021
15035
4522
13828
15612
17547
8830
16863
2948
11250
6592
13165
1150
1557
17192
15530
4697
6209
15442
7865
16337
7401
1650
954
12230
14016
4459
5181
17475
6443
7689
14933
6635
9904
11669
14128
6321
5001
11225
13213
7028
10437
18347
1434
17474
14122
9546
8311
6097
7378
10324
16615
14179
11378
2657
17202
7646
13839
13534
16520
12789
18680
13480
7464
19289
15831
19613
9066
7547
15029
12106
5063
12732
10341
13195
164
2447
107
559
7936
8320
9469
5900
1584
10659
437
16993
1759
3460
16669
14368
15062
663
10917
16886
7764
55
13215
16071
5465
18421
11032
10711
12458
14375
19130
11955
9926
17989
12800
16030
3456
327
1485
809
6070
5320
10079
12560
16774
